599,7532 97,5834
601,6817 97,4826
603,6102 97,2768
605,5386 97,0554
607,4671 96,8865
609,3956 96,7978
611,324  96,7874
613,2525 96,8356
615,181  96,9128
617,1094 96,9855
619,0379 97,0242
620,9664 97,014
622,8948 96,9627
624,8233 96,9
626,7518 96,8652
628,6802 96,8923
630,6087 96,9929
632,5372 97,1462
634,4656 97,3048
636,3941 97,4156
638,3226 97,4481
640,251  97,4104
642,1795 97,3424
644,108  97,2889
646,0364 97,2695
647,9649 97,2686
649,8934 97,252
651,8218 97,2004
653,7503 97,1318
655,6788 97,0898
657,6072 97,1068
659,5357 97,1765
661,4642 97,2583
663,3926 97,3005
665,3211 97,2692
667,2496 97,1781
669,178  97,0932
671,1065 97,0846
673,035  97,1652
674,9634 97,2925
676,8919 97,4123
678,8204 97,4889
680,7488 97,5118
682,6773 97,4903
684,6058 97,4418
686,5342 97,3817
688,4627 97,3191
690,3912 97,2578
692,3196 97,1972
694,2481 97,132
696,1766 97,0545
698,105  96,9609
700,0335 96,8564
701,962  96,7456
703,8904 96,6118
705,8189 96,4008
707,7474 96,0316
709,6758 95,4446
711,6043 94,6617
713,5328 93,8202
715,4612 93,132
717,3897 92,794
719,3182 92,8749
721,2466 93,269
723,1751 93,7612
725,1036 94,1635
727,032  94,4231
728,9605 94,6307
730,889  94,9341
732,8174 95,4248
734,7459 96,0733
736,6744 96,7504
738,6028 97,3099
740,5313 97,6699
742,4598 97,8395
744,3882 97,8869
746,3167 97,8853
748,2452 97,8764
750,1736 97,8693
752,1021 97,86
754,0306 97,8489
755,959  97,8424
757,8875 97,8452
759,816  97,855
761,7444 97,866
763,6729 97,875
765,6014 97,8841
767,5298 97,8958
769,4583 97,9079
771,3868 97,9136
773,3152 97,9073
775,2437 97,8916
777,1722 97,8767
779,1006 97,8748
781,0291 97,8917
782,9576 97,923
784,886  97,9572
786,8145 97,9823
788,743  97,9913
790,6714 97,9846
792,5999 97,9678
794,5284 97,9481
796,4568 97,9306
798,3853 97,9165
800,3138 97,9031
802,2422 97,8857
804,1707 97,8622
806,0992 97,8359
808,0276 97,8158
809,9561 97,8127
811,8846 97,8328
813,813  97,8732
815,7415 97,9215
817,67  97,9623
819,5984 97,9855
821,5269 97,992
823,4554 97,992
825,3839 97,9984
827,3123 98,0169
829,2408 98,0421
831,1693 98,0607
833,0977 98,0605
835,0262 98,039
836,9547 98,0064
838,8831 97,9796
840,8116 97,9732
842,7401 97,9903
844,6685 98,0224
846,597  98,0545
848,5255 98,0738
850,4539 98,076
852,3824 98,0653
854,3109 98,0499
856,2393 98,0371
858,1678 98,0301
860,0963 98,0279
862,0247 98,0279
863,9532 98,0282
865,8817 98,0288
867,8101 98,0313
869,7386 98,0375
871,6671 98,0477
873,5955 98,0594
875,524  98,0683
877,4525 98,0711
879,3809 98,0678
881,3094 98,0625
883,2379 98,0611
885,1663 98,0678
887,0948 98,0815
889,0233 98,097
890,9517 98,1076
892,8802 98,1099
894,8087 98,1053
896,7371 98,0992
898,6656 98,0968
900,5941 98,1006
902,5225 98,1092
904,451  98,1188
906,3795 98,1256
908,3079 98,1276
910,2364 98,1243
912,1649 98,1165
914,0933 98,1055
916,0218 98,0934
917,9503 98,0827
919,8787 98,0763
921,8072 98,0762
923,7357 98,0829
925,6641 98,0941
927,5926 98,1062
929,5211 98,1145
931,4495 98,1158
933,378  98,1096
935,3065 98,0987
937,2349 98,0878
939,1634 98,0816
941,0919 98,0823
943,0203 98,0888
944,9488 98,097
946,8773 98,1028
948,8057 98,1038
950,7342 98,1005
952,6627 98,0958
954,5911 98,093
956,5196 98,094
958,4481 98,0988
960,3765 98,1053
962,305  98,1109
964,2335 98,1139
966,1619 98,114
968,0904 98,113
970,0189 98,1134
971,9473 98,117
973,8758 98,1244
975,8043 98,1343
977,7327 98,1447
979,6612 98,1536
981,5897 98,1602
983,5181 98,1644
985,4466 98,1666
987,3751 98,1676
989,3035 98,1681
991,232  98,1695
993,1605 98,1727
995,0889 98,1784
997,0174 98,1858
998,9459 98,1934
1000,8743 98,1999
1002,8028 98,2052
1004,7313 98,2104
1006,6597 98,2165
1008,5882 98,2234
1010,5167 98,2296
1012,4451 98,2329
1014,3736 98,2323
1016,3021 98,229
1018,2305 98,2261
1020,159 98,2265
1022,0875 98,2312
1024,016 98,2392
1025,9445 98,2486
1027,8729 98,2575
1029,8014 98,2656
1031,7299 98,2734
1033,6583 98,2813
1035,5868 98,2889
1037,5153 98,2951
1039,4437 98,2992
1041,3722 98,3016
1043,3007 98,3042
1045,2291 98,3093
1047,1576 98,3182
1049,0861 98,3298
1051,0145 98,3412
1052,943 98,3489
1054,8715 98,3515
1056,7999 98,3501
1058,7284 98,3478
1060,6569 98,3474
1062,5853 98,3489
1064,5138 98,3497
1066,4423 98,3459
1068,3707 98,3357
1070,2992 98,3201
1072,2277 98,3028
1074,1561 98,2877
1076,0846 98,2767
1078,0131 98,2692
1079,9415 98,2634
1081,87  98,2572
1083,7985 98,2495
1085,7269 98,2402
1087,6554 98,2294
1089,5839 98,2182
1091,5123 98,2085
1093,4408 98,2029
1095,3693 98,2033
1097,2977 98,2096
1099,2262 98,2187
1101,1547 98,2261
1103,0831 98,228
1105,0116 98,2234
1106,9401 98,2144
1108,8685 98,2044
1110,797 98,1963
1112,7255 98,1916
1114,6539 98,1898
1116,5824 98,1895
1118,5109 98,1895
1120,4393 98,1883
1122,3678 98,185
1124,2963 98,1787
1126,2247 98,1699
1128,1532 98,16
1130,0817 98,1513
1132,0101 98,1456
1133,9386 98,1432
1135,8671 98,1433
1137,7955 98,1442
1139,724 98,1446
1141,6525 98,1442
1143,5809 98,1433
1145,5094 98,1422
1147,4379 98,1407
1149,3663 98,1386
1151,2948 98,1362
1153,2233 98,1344
1155,1517 98,1345
1157,0802 98,1368
1159,0087 98,1405
1160,9371 98,1438
1162,8656 98,1448
1164,7941 98,143
1166,7225 98,1394
1168,651 98,136
1170,5795 98,1345
1172,5079 98,1356
1174,4364 98,1385
1176,3649 98,1416
1178,2933 98,1431
1180,2218 98,1423
1182,1503 98,1398
1184,0787 98,1378
1186,0072 98,1389
1187,9357 98,1452
1189,8641 98,1569
1191,7926 98,172
1193,7211 98,1872
1195,6495 98,1992
1197,578 98,2063
1199,5065 98,2083
1201,4349 98,207
1203,3634 98,2041
1205,2919 98,2012
1207,2203 98,1987
1209,1488 98,1968
1211,0773 98,1958
1213,0057 98,1958
1214,9342 98,197
1216,8627 98,199
1218,7911 98,2013
1220,7196 98,2035
1222,6481 98,2055
1224,5765 98,2073
1226,505 98,209
1228,4335 98,2101
1230,3619 98,2093
1232,2904 98,2057
1234,2189 98,1993
1236,1473 98,1915
1238,0758 98,1845
1240,0043 98,1805
1241,9327 98,1803
1243,8612 98,1831
1245,7897 98,1867
1247,7181 98,1888
1249,6466 98,1874
1251,5751 98,182
1253,5035 98,1733
1255,432 98,1625
1257,3605 98,1514
1259,2889 98,1417
1261,2174 98,1351
1263,1459 98,1323
1265,0743 98,1335
1267,0028 98,1376
1268,9313 98,143
1270,8597 98,1475
1272,7882 98,1498
1274,7167 98,1493
1276,6451 98,1466
1278,5736 98,1424
1280,5021 98,1377
1282,4305 98,1322
1284,359 98,1253
1286,2875 98,1167
1288,2159 98,1062
1290,1444 98,0946
1292,0729 98,0829
1294,0013 98,0721
1295,9298 98,0627
1297,8583 98,055
1299,7867 98,05
1301,7152 98,0484
1303,6437 98,0508
1305,5721 98,0566
1307,5006 98,0646
1309,4291 98,073
1311,3575 98,0814
1313,286 98,0907
1315,2145 98,1024
1317,1429 98,1176
1319,0714 98,1351
1320,9999 98,152
1322,9283 98,1648
1324,8568 98,1714
1326,7853 98,1715
1328,7137 98,1666
1330,6422 98,1582
1332,5707 98,1472
1334,4991 98,1338
1336,4276 98,1182
1338,3561 98,1013
1340,2845 98,085
1342,213 98,0705
1344,1415 98,0579
1346,0699 98,047
1347,9984 98,0376
1349,9269 98,0303
1351,8553 98,026
1353,7838 98,0245
1355,7123 98,0236
1357,6407 98,0203
1359,5692 98,0119
1361,4977 97,9989
1363,4261 97,9851
1365,3546 97,9767
1367,2831 97,979
1369,2115 97,995
1371,14  98,0246
1373,0685 98,0643
1374,9969 98,1076
1376,9254 98,1473
1378,8539 98,1779
1380,7823 98,198
1382,7108 98,2095
1384,6393 98,2159
1386,5677 98,2208
1388,4962 98,2266
1390,4247 98,2343
1392,3531 98,243
1394,2816 98,251
1396,2101 98,2565
1398,1385 98,2586
1400,067 98,2576
1401,9955 98,2545
1403,924 98,25
1405,8524 98,243
1407,7809 98,2323
1409,7094 98,2166
1411,6378 98,1961
1413,5663 98,1711
1415,4948 98,1416
1417,4232 98,1054
1419,3517 98,0607
1421,2802 98,0079
1423,2086 97,9509
1425,1371 97,8932
1427,0656 97,8352
1428,994 97,7746
1430,9225 97,7096
1432,851 97,6424
1434,7794 97,5782
1436,7079 97,5209
1438,6364 97,4674
1440,5648 97,4107
1442,4933 97,3466
1444,4218 97,278
1446,3502 97,2066
1448,2787 97,1185
1450,2072 96,9686
1452,1356 96,6812
1454,0641 96,1839
1455,9926 95,4854
1457,921 94,7359
1459,8495 94,1518
1461,778 93,8446
1463,7064 93,7714
1465,6349 93,8314
1467,5634 93,9649
1469,4918 94,1949
1471,4203 94,6086
1473,3488 95,2671
1475,2772 96,0996
1477,2057 96,9282
1479,1342 97,6017
1481,0626 98,0655
1482,9911 98,3375
1484,9196 98,4666
1486,848 98,5084
1488,7765 98,512
1490,705 98,5085
1492,6334 98,5079
1494,5619 98,5073
1496,4904 98,5036
1498,4188 98,4982
1500,3473 98,4939
1502,2758 98,4915
1504,2042 98,4897
1506,1327 98,487
1508,0612 98,4843
1509,9896 98,4842
1511,9181 98,4881
1513,8466 98,495
1515,775 98,5033
1517,7035 98,5119
1519,632 98,52
1521,5604 98,5255
1523,4889 98,5262
1525,4174 98,5218
1527,3458 98,5139
1529,2743 98,5046
1531,2028 98,4955
1533,1312 98,4879
1535,0597 98,4828
1536,9882 98,4813
1538,9166 98,4835
1540,8451 98,4881
1542,7736 98,4927
1544,702 98,4957
1546,6305 98,4974
1548,559 98,4987
1550,4874 98,5011
1552,4159 98,5064
1554,3444 98,5157
1556,2728 98,5275
1558,2013 98,5366
1560,1298 98,5384
1562,0582 98,534
1563,9867 98,5276
1565,9152 98,5222
1567,8436 98,5193
1569,7721 98,5196
1571,7006 98,5223
1573,629 98,5256
1575,5575 98,5269
1577,486 98,5251
1579,4144 98,5211
1581,3429 98,5172
1583,2714 98,5151
1585,1998 98,5159
1587,1283 98,5192
1589,0568 98,5241
1590,9852 98,5294
1592,9137 98,5342
1594,8422 98,5383
1596,7706 98,5419
1598,6991 98,5457
1600,6276 98,5498
1602,556 98,5537
1604,4845 98,5567
1606,413 98,5579
1608,3414 98,557
1610,2699 98,5545
1612,1984 98,5522
1614,1268 98,5517
1616,0553 98,5539
1617,9838 98,5573
1619,9122 98,5586
1621,8407 98,5549
1623,7692 98,5463
1625,6976 98,5357
1627,6261 98,527
1629,5546 98,5224
1631,483 98,5215
1633,4115 98,5207
1635,34  98,5155
1637,2684 98,504
1639,1969 98,4886
1641,1254 98,4736
1643,0538 98,4623
1644,9823 98,4562
1646,9108 98,4562
1648,8392 98,4628
1650,7677 98,4756
1652,6962 98,492
1654,6246 98,5086
1656,5531 98,5226
1658,4816 98,533
1660,41  98,5399
1662,3385 98,544
1664,267 98,5467
1666,1954 98,5493
1668,1239 98,5523
1670,0524 98,5558
1671,9808 98,5595
1673,9093 98,5634
1675,8378 98,5682
1677,7662 98,5739
1679,6947 98,5796
1681,6232 98,5832
1683,5516 98,5824
1685,4801 98,5773
1687,4086 98,5707
1689,337 98,5655
1691,2655 98,5635
1693,194 98,5649
1695,1224 98,5698
1697,0509 98,5768
1698,9794 98,5827
1700,9078 98,5836
1702,8363 98,579
1704,7648 98,5712
1706,6932 98,5625
1708,6217 98,5541
1710,5502 98,5465
1712,4786 98,5399
1714,4071 98,534
1716,3356 98,5285
1718,264 98,523
1720,1925 98,5185
1722,121 98,5157
1724,0494 98,5146
1725,9779 98,5149
1727,9064 98,517
1729,8348 98,5214
1731,7633 98,5284
1733,6918 98,5368
1735,6202 98,5442
1737,5487 98,5483
1739,4772 98,5482
1741,4056 98,5443
1743,3341 98,5377
1745,2626 98,5307
1747,191 98,526
1749,1195 98,5258
1751,048 98,5298
1752,9764 98,5361
1754,9049 98,5419
1756,8334 98,5453
1758,7618 98,5463
1760,6903 98,5466
1762,6188 98,548
1764,5472 98,5521
1766,4757 98,5586
1768,4042 98,566
1770,3326 98,572
1772,2611 98,5753
1774,1896 98,5764
1776,118 98,5768
1778,0465 98,5771
1779,975 98,5767
1781,9034 98,5743
1783,8319 98,5693
1785,7604 98,5628
1787,6888 98,5569
1789,6173 98,554
1791,5458 98,5552
1793,4742 98,5591
1795,4027 98,5628
1797,3312 98,5638
1799,2596 98,5611
1801,1881 98,556
1803,1166 98,5507
1805,045 98,5475
1806,9735 98,5483
1808,902 98,5537
1810,8304 98,563
1812,7589 98,5739
1814,6874 98,5837
1816,6158 98,5903
1818,5443 98,5934
1820,4728 98,5949
1822,4012 98,5975
1824,3297 98,6036
1826,2582 98,6135
1828,1866 98,6245
1830,1151 98,6325
1832,0436 98,6347
1833,972 98,631
1835,9005 98,6234
1837,829 98,6144
1839,7574 98,606
1841,6859 98,5992
1843,6144 98,5942
1845,5428 98,5901
1847,4713 98,5863
1849,3998 98,5823
1851,3282 98,5786
1853,2567 98,5762
1855,1852 98,5761
1857,1136 98,5791
1859,0421 98,5848
1860,9706 98,5914
1862,899 98,5961
1864,8275 98,5968
1866,756 98,5934
1868,6844 98,5883
1870,6129 98,5853
1872,5414 98,5864
1874,4698 98,5906
1876,3983 98,595
1878,3268 98,5972
1880,2552 98,5966
1882,1837 98,5942
1884,1122 98,5915
1886,0406 98,5885
1887,9691 98,5837
1889,8976 98,5758
1891,826 98,5657
1893,7545 98,5572
1895,683 98,5547
1897,6115 98,5604
1899,5399 98,5726
1901,4684 98,5871
1903,3969 98,5992
1905,3253 98,6069
1907,2538 98,6103
1909,1823 98,611
1911,1107 98,6103
1913,0392 98,6079
1914,9677 98,6035
1916,8961 98,598
1918,8246 98,5937
1920,7531 98,5934
1922,6815 98,5982
1924,61  98,6076
1926,5385 98,6197
1928,4669 98,6331
1930,3954 98,6472
1932,3239 98,6619
1934,2523 98,6765
1936,1808 98,6892
1938,1093 98,6981
1940,0377 98,7019
1941,9662 98,7011
1943,8947 98,6979
1945,8231 98,6956
1947,7516 98,6974
1949,6801 98,7056
1951,6085 98,7212
1953,537 98,7421
1955,4655 98,7628
1957,3939 98,7746
1959,3224 98,7684
1961,2509 98,7397
1963,1793 98,6928
1965,1078 98,6406
1967,0363 98,5986
1968,9647 98,5776
1970,8932 98,5784
1972,8217 98,5931
1974,7501 98,6107
1976,6786 98,624
1978,6071 98,6317
1980,5355 98,6361
1982,464 98,6395
1984,3925 98,6418
1986,3209 98,6425
1988,2494 98,6423
1990,1779 98,6439
1992,1063 98,6502
1994,0348 98,6618
1995,9633 98,6752
1997,8917 98,6845
1999,8202 98,6846
2001,7487 98,6737
2003,6771 98,654
2005,6056 98,6307
2007,5341 98,6095
2009,4625 98,5945
2011,391 98,5871
2013,3195 98,5872
2015,2479 98,5939
2017,1764 98,6065
2019,1049 98,6232
2021,0333 98,6409
2022,9618 98,6544
2024,8903 98,6578
2026,8187 98,6464
2028,7472 98,6198
2030,6757 98,5833
2032,6041 98,547
2034,5326 98,5217
2036,4611 98,5142
2038,3895 98,5238
2040,318 98,5434
2042,2465 98,5632
2044,1749 98,5751
2046,1034 98,5745
2048,032 98,5625
2049,9604 98,5438
2051,8889 98,5252
2053,8174 98,5136
2055,7458 98,514
2057,6743 98,5276
2059,6028 98,5512
2061,5313 98,5777
2063,4597 98,5986
2065,3882 98,6078
2067,3167 98,6036
2069,2451 98,5893
2071,1736 98,5703
2073,1021 98,5526
2075,0305 98,5407
2076,959 98,5379
2078,8875 98,5455
2080,8159 98,5629
2082,7444 98,5865
2084,6729 98,6108
2086,6013 98,6301
2088,5298 98,6404
2090,4583 98,641
2092,3867 98,6339
2094,3152 98,6224
2096,2437 98,6088
2098,1721 98,5945
2100,1006 98,5805
2102,0291 98,5682
2103,9575 98,5599
2105,886 98,5575
2107,8145 98,5613
2109,7429 98,5696
2111,6714 98,5799
2113,5999 98,5898
2115,5283 98,5986
2117,4568 98,6061
2119,3853 98,6119
2121,3137 98,6146
2123,2422 98,6124
2125,1707 98,6045
2127,0991 98,5931
2129,0276 98,5834
2130,9561 98,5808
2132,8845 98,5881
2134,813 98,6024
2136,7415 98,6157
2138,6699 98,6197
2140,5984 98,6117
2142,5269 98,5979
2144,4553 98,5899
2146,3838 98,5981
2148,3123 98,6245
2150,2407 98,6606
2152,1692 98,6917
2154,0977 98,7033
2156,0261 98,6892
2157,9546 98,6539
2159,8831 98,6105
2161,8115 98,5718
2163,74  98,544
2165,6685 98,5255
2167,5969 98,5124
2169,5254 98,5026
2171,4539 98,4968
2173,3823 98,4976
2175,3108 98,5072
2177,2393 98,526
2179,1677 98,5515
2181,0962 98,5784
2183,0247 98,6003
2184,9531 98,6114
2186,8816 98,6089
2188,8101 98,5939
2190,7385 98,571
2192,667 98,5466
2194,5955 98,5267
2196,5239 98,5151
2198,4524 98,5128
2200,3809 98,5186
2202,3093 98,5286
2204,2378 98,5386
2206,1663 98,5438
2208,0947 98,5416
2210,0232 98,532
2211,9517 98,5185
2213,8801 98,5071
2215,8086 98,5037
2217,7371 98,5116
2219,6655 98,5298
2221,594 98,5524
2223,5225 98,5716
2225,4509 98,5804
2227,3794 98,576
2229,3079 98,5609
2231,2363 98,5414
2233,1648 98,5242
2235,0933 98,5132
2237,0217 98,5079
2238,9502 98,5051
2240,8787 98,5015
2242,8071 98,4967
2244,7356 98,4929
2246,6641 98,493
2248,5925 98,4974
2250,521 98,503
2252,4495 98,505
2254,3779 98,4996
2256,3064 98,4866
2258,2349 98,4689
2260,1633 98,4507
2262,0918 98,4346
2264,0203 98,4223
2265,9487 98,4146
2267,8772 98,4127
2269,8057 98,4173
2271,7341 98,4273
2273,6626 98,4383
2275,5911 98,4447
2277,5195 98,4423
2279,448 98,4312
2281,3765 98,4159
2283,3049 98,4023
2285,2334 98,3953
2287,1619 98,396
2289,0903 98,4019
2291,0188 98,4084
2292,9473 98,4115
2294,8757 98,409
2296,8042 98,402
2298,7327 98,3934
2300,6611 98,387
2302,5896 98,3852
2304,5181 98,3884
2306,4465 98,3946
2308,375 98,4007
2310,3035 98,4041
2312,2319 98,4041
2314,1604 98,4023
2316,0889 98,4009
2318,0173 98,4025
2319,9458 98,4086
2321,8743 98,4218
2323,8027 98,4449
2325,7312 98,4806
2327,6597 98,5283
2329,5881 98,583
2331,5166 98,6367
2333,4451 98,6824
2335,3735 98,715
2337,302 98,7298
2339,2305 98,7208
2341,1589 98,6864
2343,0874 98,6361
2345,0159 98,5841
2346,9443 98,5413
2348,8728 98,5137
2350,8013 98,5081
2352,7297 98,5352
2354,6582 98,6079
2356,5867 98,7287
2358,5151 98,8647
2360,4436 98,9494
2362,3721 98,9463
2364,3005 98,8838
2366,229 98,8028
2368,1575 98,7232
2370,0859 98,6507
2372,0144 98,5874
2373,9429 98,5339
2375,8713 98,4899
2377,7998 98,4544
2379,7283 98,427
2381,6567 98,4078
2383,5852 98,3967
2385,5137 98,3933
2387,4421 98,3959
2389,3706 98,4021
2391,2991 98,409
2393,2275 98,4143
2395,156 98,4171
2397,0845 98,4177
2399,0129 98,4166
2400,9414 98,4139
2402,8699 98,4096
2404,7983 98,4039
2406,7268 98,3979
2408,6553 98,3933
2410,5837 98,3916
2412,5122 98,3932
2414,4407 98,3967
2416,3691 98,4007
2418,2976 98,4035
2420,2261 98,4047
2422,1545 98,4047
2424,083 98,4044
2426,0115 98,4045
2427,9399 98,4053
2429,8684 98,4062
2431,7969 98,4065
2433,7253 98,4053
2435,6538 98,4021
2437,5823 98,3973
2439,5107 98,3921
2441,4392 98,3874
2443,3677 98,3837
2445,2961 98,3803
2447,2246 98,3757
2449,1531 98,3686
2451,0815 98,3592
2453,01  98,3493
2454,9385 98,3418
2456,8669 98,339
2458,7954 98,3416
2460,7239 98,348
2462,6523 98,3548
2464,5808 98,3586
2466,5093 98,3572
2468,4377 98,3507
2470,3662 98,3412
2472,2947 98,332
2474,2231 98,3257
2476,1516 98,3231
2478,0801 98,3232
2480,0085 98,3241
2481,937 98,3241
2483,8655 98,3227
2485,7939 98,3214
2487,7224 98,3221
2489,6509 98,326
2491,5793 98,333
2493,5078 98,3408
2495,4363 98,3465
2497,3647 98,3477
2499,2932 98,3442
2501,2217 98,3373
2503,1501 98,3296
2505,0786 98,3229
2507,0071 98,3178
2508,9355 98,3133
2510,864 98,3084
2512,7925 98,3025
2514,7209 98,2957
2516,6494 98,2887
2518,5779 98,2823
2520,5063 98,277
2522,4348 98,2736
2524,3633 98,2734
2526,2917 98,2772
2528,2202 98,2846
2530,1487 98,2933
2532,0771 98,2995
2534,0056 98,3001
2535,9341 98,2942
2537,8625 98,284
2539,791 98,2734
2541,7195 98,2654
2543,6479 98,261
2545,5764 98,2582
2547,5049 98,2549
2549,4333 98,2496
2551,3618 98,2435
2553,2903 98,2384
2555,2188 98,2364
2557,1472 98,2377
2559,0757 98,241
2561,0042 98,2439
2562,9326 98,2438
2564,8611 98,2392
2566,7896 98,2297
2568,718 98,2166
2570,6465 98,2023
2572,575 98,1894
2574,5034 98,1792
2576,4319 98,1713
2578,3604 98,1637
2580,2888 98,1543
2582,2173 98,1424
2584,1458 98,1295
2586,0742 98,1181
2588,0027 98,1099
2589,9312 98,1052
2591,8596 98,1026
2593,7881 98,1005
2595,7166 98,0977
2597,645 98,094
2599,5735 98,0893
2601,502 98,0833
2603,4304 98,0759
2605,3589 98,067
2607,2874 98,0578
2609,2158 98,0492
2611,1443 98,0418
2613,0728 98,0349
2615,0012 98,0264
2616,9297 98,0145
2618,8582 97,9984
2620,7866 97,9788
2622,7151 97,9581
2624,6436 97,939
2626,572 97,9239
2628,5005 97,9142
2630,429 97,91
2632,3574 97,91
2634,2859 97,912
2636,2144 97,9136
2638,1428 97,9128
2640,0713 97,909
2641,9998 97,9032
2643,9282 97,8968
2645,8567 97,8913
2647,7852 97,8868
2649,7136 97,8829
2651,6421 97,8785
2653,5706 97,8733
2655,499 97,8678
2657,4275 97,8632
2659,356 97,8607
2661,2844 97,8603
2663,2129 97,8614
2665,1414 97,863
2667,0698 97,8647
2668,9983 97,8668
2670,9268 97,8699
2672,8552 97,8741
2674,7837 97,8786
2676,7122 97,8822
2678,6406 97,8835
2680,5691 97,8822
2682,4976 97,8794
2684,426 97,8764
2686,3545 97,8744
2688,283 97,8733
2690,2114 97,8722
2692,1399 97,8701
2694,0684 97,8664
2695,9968 97,8616
2697,9253 97,8565
2699,8538 97,8515
2701,7822 97,8462
2703,7107 97,8392
2705,6392 97,8293
2707,5676 97,8163
2709,4961 97,8014
2711,4246 97,7868
2713,353 97,7746
2715,2815 97,7651
2717,21  97,757
2719,1384 97,7481
2721,0669 97,7365
2722,9954 97,7223
2724,9238 97,7067
2726,8523 97,6916
2728,7808 97,6778
2730,7092 97,6646
2732,6377 97,6504
2734,5662 97,6346
2736,4946 97,618
2738,4231 97,6027
2740,3516 97,5906
2742,28  97,5817
2744,2085 97,5744
2746,137 97,5661
2748,0654 97,5552
2749,9939 97,542
2751,9224 97,5282
2753,8508 97,5153
2755,7793 97,5032
2757,7078 97,4901
2759,6362 97,4734
2761,5647 97,4514
2763,4932 97,4241
2765,4216 97,3934
2767,3501 97,3616
2769,2786 97,3303
2771,207 97,3
2773,1355 97,2696
2775,064 97,2378
2776,9924 97,2031
2778,9209 97,1649
2780,8494 97,1237
2782,7778 97,0808
2784,7063 97,038
2786,6348 96,9965
2788,5632 96,9555
2790,4917 96,9129
2792,4202 96,8659
2794,3486 96,8126
2796,2771 96,7535
2798,2056 96,6908
2800,134 96,6266
2802,0625 96,5616
2803,991 96,4937
2805,9194 96,42
2807,8479 96,3378
2809,7764 96,2463
2811,7048 96,1457
2813,6333 96,0363
2815,5618 95,9169
2817,4902 95,7849
2819,4187 95,6367
2821,3472 95,4679
2823,2756 95,2736
2825,2041 95,0482
2827,1326 94,7854
2829,061 94,4757
2830,9895 94,1024
2832,918 93,638
2834,8464 93,0474
2836,7749 92,3035
2838,7034 91,4134
2840,6318 90,4453
2842,5603 89,5366
2844,4888 88,8709
2846,4172 88,6232
2848,3457 88,8927
2850,2742 89,6581
2852,2026 90,7798
2854,1311 92,0511
2856,0596 93,2703
2857,988 94,2969
2859,9165 95,0708
2861,845 95,5962
2863,7734 95,9106
2865,7019 96,0568
2867,6304 96,0695
2869,5588 95,9733
2871,4873 95,7873
2873,4158 95,5285
2875,3442 95,2136
2877,2727 94,859
2879,2012 94,4806
2881,1296 94,0937
2883,0581 93,7119
2884,9866 93,3454
2886,915 92,9997
2888,8435 92,6755
2890,772 92,3702
2892,7004 92,0795
2894,6289 91,7979
2896,5574 91,5176
2898,4858 91,2251
2900,4143 90,8993
2902,3428 90,5138
2904,2712 90,0467
2906,1997 89,496
2908,1282 88,8965
2910,0566 88,3263
2911,9851 87,8967
2913,9136 87,7232
2915,842 87,8864
2917,7705 88,4017
2919,699 89,2113
2921,6274 90,2057
2923,5559 91,2619
2925,4844 92,2803
2927,4128 93,2036
2929,3413 94,016
2931,2698 94,7269
2933,1982 95,3537
2935,1267 95,9095
2937,0552 96,4001
2938,9836 96,826
2940,9121 97,1868
2942,8406 97,4845
2944,769 97,725
2946,6975 97,9168
2948,626 98,0698
2950,5544 98,1926
2952,4829 98,2914
2954,4114 98,37
2956,3398 98,4317
2958,2683 98,4804
2960,1968 98,5213
2962,1252 98,5593
2964,0537 98,5975
2965,9822 98,6359
2967,9106 98,6718
2969,8391 98,7018
2971,7676 98,7235
2973,696 98,7371
2975,6245 98,7451
2977,553 98,7515
2979,4814 98,7601
2981,4099 98,7737
2983,3384 98,7932
2985,2668 98,8169
2987,1953 98,8413
2989,1238 98,8626
2991,0522 98,8777
2992,9807 98,8856
2994,9092 98,8872
2996,8376 98,8844
2998,7661 98,8794
3000,6946 98,8738
3002,623 98,8691
3004,5515 98,8663
3006,48  98,8662
3008,4084 98,8682
3010,3369 98,8709
3012,2654 98,8724
3014,1938 98,8717
3016,1223 98,8692
3018,0508 98,8663
3019,9792 98,8635
3021,9077 98,8597
3023,8362 98,8529
3025,7646 98,8411
3027,6931 98,8252
3029,6216 98,8085
3031,55  98,7959
3033,4785 98,7913
3035,407 98,7953
3037,3354 98,8054
3039,2639 98,8177
3041,1924 98,8294
3043,1208 98,839
3045,0493 98,8461
3046,9778 98,8504
3048,9063 98,8513
3050,8347 98,848
3052,7632 98,8408
3054,6917 98,832
3056,6201 98,8248
3058,5486 98,8218
3060,4771 98,8238
3062,4055 98,8295
3064,334 98,8363
3066,2625 98,8418
3068,1909 98,8449
3070,1194 98,8461
3072,0479 98,8461
3073,9763 98,8457
3075,9048 98,8449
3077,8333 98,8434
3079,7617 98,841
3081,6902 98,8382
3083,6187 98,8354
3085,5471 98,8332
3087,4756 98,8319
3089,4041 98,8316
3091,3325 98,8322
3093,261 98,834
3095,1895 98,8369
3097,1179 98,841
3099,0464 98,8464
3100,9749 98,8528
3102,9033 98,8598
3104,8318 98,8666
3106,7603 98,8715
3108,6887 98,8733
3110,6172 98,8719
3112,5457 98,8686
3114,4741 98,8658
3116,4026 98,8658
3118,3311 98,869
3120,2595 98,8739
3122,188 98,8784
3124,1165 98,8811
3126,0449 98,8828
3127,9734 98,8853
3129,9019 98,8901
3131,8303 98,8965
3133,7588 98,9017
3135,6873 98,9026
3137,6157 98,8976
3139,5442 98,8876
3141,4727 98,8756
3143,4011 98,8653
3145,3296 98,8596
3147,2581 98,8598
3149,1865 98,8654
3151,115 98,8743
3153,0435 98,8837
3154,9719 98,8905
3156,9004 98,8931
3158,8289 98,8916
3160,7573 98,8883
3162,6858 98,886
3164,6143 98,8869
3166,5427 98,8908
3168,4712 98,8933
3170,3997 98,8955
3172,3281 98,894
3174,2566 98,889
3176,1851 98,8825
3178,1135 98,8767
3180,042 98,8726
3181,9705 98,8699
3183,8989 98,8672
3185,8274 98,8633
3187,7559 98,8578
3189,6843 98,8516
3191,6128 98,8462
3193,5413 98,8431
3195,4697 98,8431
3197,3982 98,8455
3199,3267 98,8486
3201,2551 98,851
3203,1836 98,8522
3205,1121 98,8536
3207,0405 98,8573
3208,969 98,8647
3210,8975 98,8749
3212,8259 98,885
3214,7544 98,8914
3216,6829 98,8923
3218,6113 98,8886
3220,5398 98,8829
3222,4683 98,8773
3224,3967 98,872
3226,3252 98,8653
3228,2537 98,8559
3230,1821 98,8444
3232,1106 98,8339
3234,0391 98,8275
3235,9675 98,8264
3237,896 98,829
3239,8245 98,8319
3241,7529 98,8327
3243,6814 98,8316
3245,6099 98,8309
3247,5383 98,833
3249,4668 98,8381
3251,3953 98,8438
3253,3237 98,8468
3255,2522 98,8456
3257,1807 98,8411
3259,1091 98,8365
3261,0376 98,8342
3262,9661 98,8345
3264,8945 98,8349
3266,823 98,8324
3268,7515 98,8257
3270,6799 98,8167
3272,6084 98,81
3274,5369 98,81
3276,4653 98,8178
3278,3938 98,8309
3280,3223 98,8438
3282,2507 98,8515
3284,1792 98,852
3286,1077 98,8468
3288,0361 98,8399
3289,9646 98,8352
3291,8931 98,8345
3293,8215 98,8369
3295,75  98,8399
3297,6785 98,8408
3299,6069 98,838
3301,5354 98,8315
3303,4639 98,8229
3305,3923 98,8142
3307,3208 98,8071
3309,2493 98,8027
3311,1777 98,8009
3313,1062 98,8011
3315,0347 98,8029
3316,9631 98,8069
3318,8916 98,8137
3320,8201 98,8241
3322,7485 98,8374
3324,677 98,8514
3326,6055 98,8629
3328,5339 98,8692
3330,4624 98,8692
3332,3909 98,8638
3334,3193 98,8552
3336,2478 98,8461
3338,1763 98,8382
3340,1047 98,8321
3342,0332 98,8276
3343,9617 98,8248
3345,8901 98,8235
3347,8186 98,8232
3349,7471 98,8225
3351,6755 98,8196
3353,604 98,8131
3355,5325 98,8038
3357,4609 98,7946
3359,3894 98,7892
3361,3179 98,7903
3363,2463 98,7976
3365,1748 98,8084
3367,1033 98,8189
3369,0317 98,8268
3370,9602 98,8313
3372,8887 98,8327
3374,8171 98,8305
3376,7456 98,8242
3378,6741 98,8146
3380,6025 98,8046
3382,531 98,7992
3384,4595 98,8024
3386,3879 98,8138
3388,3164 98,8277
3390,2449 98,8362
3392,1733 98,8341
3394,1018 98,8224
3396,0303 98,8084
3397,9587 98,8006
3399,8872 98,8036
3401,8157 98,8155
3403,7441 98,8298
3405,6726 98,8399
3407,6011 98,8426
3409,5295 98,8386
3411,458 98,8305
3413,3865 98,8203
3415,3149 98,8088
3417,2434 98,797
3419,1719 98,7872
3421,1003 98,7826
3423,0288 98,7851
3424,9573 98,7937
3426,8857 98,8045
3428,8142 98,8129
3430,7427 98,8167
3432,6711 98,816
3434,5996 98,8128
3436,5281 98,8085
3438,4565 98,8032
3440,385 98,7964
3442,3135 98,789
3444,2419 98,7829
3446,1704 98,7804
3448,0989 98,7823
3450,0273 98,7865
3451,9558 98,7897
3453,8843 98,7894
3455,8127 98,7855
3457,7412 98,7802
3459,6697 98,7771
3461,5981 98,7785
3463,5266 98,7846
3465,4551 98,7925
3467,3835 98,7976
3469,312 98,7959
3471,2405 98,7858
3473,1689 98,7694
3475,0974 98,7515
3477,0259 98,7372
3478,9543 98,7294
3480,8828 98,7276
3482,8113 98,7286
3484,7397 98,7297
3486,6682 98,73
3488,5967 98,731
3490,5251 98,7339
3492,4536 98,7387
3494,3821 98,7433
3496,3105 98,7457
3498,239 98,7457
3500,1675 98,7449
3502,0959 98,7451
3504,0244 98,7467
3505,9529 98,748
3507,8813 98,7467
3509,8098 98,7422
3511,7383 98,7365
3513,6667 98,7326
3515,5952 98,7318
3517,5237 98,7329
3519,4521 98,733
3521,3806 98,7295
3523,3091 98,7219
3525,2375 98,712
3527,166 98,7024
3529,0945 98,6943
3531,0229 98,687
3532,9514 98,6796
3534,8799 98,6724
3536,8083 98,6677
3538,7368 98,6679
3540,6653 98,6739
3542,5938 98,6835
3544,5222 98,6919
3546,4507 98,6949
3548,3792 98,6913
3550,3076 98,6838
3552,2361 98,6765
3554,1646 98,6718
3556,093 98,6688
3558,0215 98,6652
3559,95  98,6593
3561,8784 98,6517
3563,8069 98,6452
3565,7354 98,6436
3567,6638 98,6487
3569,5923 98,6591
3571,5208 98,6713
3573,4492 98,6825
3575,3777 98,6918
3577,3062 98,7001
3579,2346 98,7082
3581,1631 98,7157
3583,0916 98,7199
3585,02  98,7167
3586,9485 98,7042
3588,877 98,6844
3590,8054 98,6638
3592,7339 98,6486
3594,6624 98,6416
3596,5908 98,6413
3598,5193 98,6434
3600,4478 98,6443
3602,3762 98,6427
3604,3047 98,6402
3606,2332 98,6393
3608,1616 98,6415
3610,0901 98,6461
3612,0186 98,6508
3613,947 98,6535
3615,8755 98,6547
3617,804 98,6562
3619,7324 98,6599
3621,6609 98,6657
3623,5894 98,6718
3625,5178 98,6751
3627,4463 98,6728
3629,3748 98,6645
3631,3032 98,6537
3633,2317 98,6451
3635,1602 98,6405
3637,0886 98,637
3639,0171 98,6304
3640,9456 98,6184
3642,874 98,6018
3644,8025 98,5857
3646,731 98,5772
3648,6594 98,582
3650,5879 98,5985
3652,5164 98,6179
3654,4448 98,6314
3656,3733 98,6355
3658,3018 98,6323
3660,2302 98,6267
3662,1587 98,6237
3664,0872 98,6267
3666,0156 98,6374
3667,9441 98,6547
3669,8726 98,6754
3671,801 98,6929
3673,7295 98,7018
3675,658 98,704
3677,5864 98,7063
3679,5149 98,7127
3681,4434 98,7228
3683,3718 98,7345
3685,3003 98,7456
3687,2288 98,7532
3689,1572 98,7538
3691,0857 98,7467
3693,0142 98,7349
3694,9426 98,7214
3696,8711 98,7076
3698,7996 98,6941
3700,728 98,6824
3702,6565 98,6753
3704,585 98,6754
3706,5134 98,6821
3708,4419 98,6901
3710,3704 98,6915
3712,2988 98,6813
3714,2273 98,6615
3716,1558 98,6384
3718,0842 98,619
3720,0127 98,6075
3721,9412 98,6049
3723,8696 98,6084
3725,7981 98,6125
3727,7266 98,6116
3729,655 98,6025
3731,5835 98,5862
3733,512 98,5684
3735,4404 98,5574
3737,3689 98,559
3739,2974 98,5722
3741,2258 98,5906
3743,1543 98,6064
3745,0828 98,6127
3747,0112 98,6057
3748,9397 98,5888
3750,8682 98,572
3752,7966 98,5653
3754,7251 98,5707
3756,6536 98,5843
3758,582 98,6007
3760,5105 98,6155
3762,439 98,6264
3764,3674 98,6329
3766,2959 98,6361
3768,2244 98,6378
3770,1528 98,6393
3772,0813 98,6406
3774,0098 98,6407
3775,9382 98,639
3777,8667 98,6362
3779,7952 98,6339
3781,7236 98,6337
3783,6521 98,6358
3785,5806 98,638
3787,509 98,6379
3789,4375 98,6343
3791,366 98,6289
3793,2944 98,6252
3795,2229 98,6272
3797,1514 98,6364
3799,0798 98,6488
3801,0083 98,6565
3802,9368 98,6533
3804,8652 98,6413
3806,7937 98,6281
3808,7222 98,6201
3810,6506 98,6188
3812,5791 98,6222
3814,5076 98,6259
3816,436 98,6247
3818,3645 98,6163
3820,293 98,6043
3822,2214 98,5967
3824,1499 98,5979
3826,0784 98,6054
3828,0068 98,6136
3829,9353 98,6182
3831,8638 98,6182
3833,7922 98,6156
3835,7207 98,6136
3837,6492 98,6139
3839,5776 98,6165
3841,5061 98,6198
3843,4346 98,6217
3845,363 98,621
3847,2915 98,6181
3849,22  98,6135
3851,1484 98,6062
3853,0769 98,5941
3855,0054 98,5783
3856,9338 98,5642
3858,8623 98,556
3860,7908 98,5542
3862,7192 98,5584
3864,6477 98,5672
3866,5762 98,5778
3868,5046 98,5851
3870,4331 98,5851
3872,3616 98,5781
3874,29  98,5672
3876,2185 98,5568
3878,147 98,5505
3880,0754 98,55
3882,0039 98,5555
3883,9324 98,5654
3885,8608 98,5779
3887,7893 98,5908
3889,7178 98,6017
3891,6462 98,6076
3893,5747 98,6055
3895,5032 98,5939
3897,4316 98,5737
3899,3601 98,5493
3901,2886 98,528
3903,217 98,5162
3905,1455 98,515
3907,074 98,5199
3909,0024 98,5256
3910,9309 98,5297
3912,8594 98,5337
3914,7878 98,5403
3916,7163 98,5514
3918,6448 98,566
3920,5732 98,581
3922,5017 98,5929
3924,4302 98,6
3926,3586 98,6023
3928,2871 98,6004
3930,2156 98,5954
3932,144 98,5889
3934,0725 98,5836
3936,001 98,5823
3937,9294 98,5865
3939,8579 98,5956
3941,7864 98,6059
3943,7148 98,6121
3945,6433 98,6104
3947,5718 98,6006
3949,5002 98,5865
3951,4287 98,573
3953,3572 98,5632
3955,2856 98,5571
3957,2141 98,5529
3959,1426 98,5492
3961,071 98,547
3962,9995 98,5479
3964,928 98,5531
3966,8564 98,561
3968,7849 98,5679
3970,7134 98,5706
3972,6418 98,5686
3974,5703 98,5644
3976,4988 98,5617
3978,4272 98,5621
3980,3557 98,5645
3982,2842 98,5657
3984,2126 98,5635
3986,1411 98,5585
3988,0696 98,5535
3989,998 98,5513
3991,9265 98,5524
3993,855 98,5545
3995,7834 98,5548
3997,7119 98,5526
3999,6404 98,5502
4001,5688 98,5557
